$ 1 0.0000049999999999999996 31.41906602856942 38 5 43 5e-11
s 480 160 480 192 2 1 true
425 480 336 480 240 0 K 0.2 -0.000023999520009599805 0.02 20 0.015 1e-12 0 0 0
426 416 336 416 240 4 K 0.05 1000000 1
s 416 192 416 160 2 0 true
w 480 160 480 128 0
v 208 352 208 96 0 1 50 325 0 0 0.5
x 513 182 530 185 4 14 Be
x 426 179 438 182 4 14 Ki
x 457 261 474 264 4 14 A1
x 455 324 472 327 4 14 A2
x 186 168 193 171 4 14 L
x 183 270 193 273 4 14 N
x 392 262 407 265 4 14 13
x 392 323 407 326 4 14 14
181 208 352 320 352 0 300.00003090412406 100 230 0.01 0.01
x 254 70 555 73 4 14 Bekapcsolás\smagasabb\srendű\söntartó\skapcsolás
w 208 96 352 96 0
x 241 299 283 302 4 14 Lámpa
g 208 352 208 384 0 0
w 608 96 416 96 0
426 352 336 352 240 4 K 0.05 1000000 1
x 337 323 344 326 4 14 2
x 336 260 343 263 4 14 1
v 608 352 608 96 0 0 40 24 0 0 0.5
g 608 352 608 384 0 0
x 631 229 683 232 4 14 24\sV\sDC
x 130 208 189 211 4 14 230\sV\sAC
w 352 96 352 240 0
w 352 336 352 352 0
w 352 352 320 352 0
w 480 336 480 352 0
w 480 352 608 352 0
w 416 192 416 240 0
b 314 242 537 330 0
w 416 336 416 384 0
w 416 384 560 384 0
w 560 384 560 208 0
w 560 208 480 208 0
w 480 192 480 208 0
w 480 208 480 240 0
x 299 400 404 403 4 14 Mágneskapcsoló
423 369 386 382 331 0
w 416 128 416 160 0
w 416 128 480 128 0
w 416 128 416 96 0
