$ 1 0.0000049999999999999996 35.60246606707791 36 5 43 5e-11
425 848 384 848 304 0 K1 0.2 -0.000197183580214012 0.02 20 0.015 1e-12 0 0 0
426 848 240 848 160 4 K1 0.05 1000000 1
s 848 160 848 112 2 0 true
w 960 160 848 160 0
v 576 384 576 112 0 1 50 325 0 0 0.5
x 862 139 874 142 4 14 Ki
x 818 322 835 325 4 14 A1
x 817 373 834 376 4 14 A2
x 550 215 557 218 4 14 L
x 550 283 560 286 4 14 N
x 831 183 838 186 4 14 1
x 831 227 838 230 4 14 2
181 656 384 656 208 0 300.0348649557208 100 230 0.2 0.2
w 656 384 848 384 0
x 782 88 893 91 4 14 Keresztreteszelés
426 624 192 624 112 4 K1 0.05 1000000 1
x 607 138 614 141 4 14 3
x 608 183 615 186 4 14 4
w 576 112 624 112 0
w 624 112 688 112 0
w 656 384 576 384 0
s 1024 160 1024 240 2 1 true
x 606 268 648 271 4 14 Lámpa
x 1063 205 1087 208 4 14 Be2
g 576 384 576 400 0 0
w 848 160 784 160 0
w 848 240 784 240 0
s 784 160 784 240 2 1 true
x 750 203 774 206 4 14 Be1
426 688 192 688 112 4 K2 0.05 1000000 1
w 688 112 848 112 0
w 624 192 656 192 0
w 656 192 656 208 0
w 656 192 688 192 0
x 672 182 679 185 4 14 4
x 672 137 679 140 4 14 3
426 960 240 960 160 4 K2 0.05 1000000 1
425 960 384 960 304 0 K2 0.2 -0.0001971835802139913 0.02 20 0.015 1e-12 0 0 0
w 960 160 1024 160 0
x 942 229 949 232 4 14 2
x 943 185 950 188 4 14 1
x 930 323 947 326 4 14 A1
x 931 374 948 377 4 14 A2
w 960 240 1024 240 0
w 960 384 848 384 0
426 848 304 848 272 6 K2 0.05 1000000 0
426 960 304 960 272 6 K1 0.05 1000000 0
w 848 240 848 272 0
w 960 240 960 272 0
