$ 1 0.0000049999999999999996 35.60246606707791 37 5 43 5e-11
s 480 192 480 224 2 1 true
425 480 352 480 256 0 K 0.2 -0.000023999520009599805 0.02 20 0.015 1e-12 0 0 0
426 416 352 416 256 4 K 0.05 1000000 1
s 416 144 416 96 2 0 true
w 480 192 416 192 0
v 208 368 208 96 0 1 50 325 0 0 0.5
x 429 125 487 128 4 14 Ki\s(távoli)
x 453 278 470 281 4 14 A1
x 451 339 468 342 4 14 A2
x 186 168 193 171 4 14 L
x 183 270 193 273 4 14 N
x 393 278 408 281 4 14 13
x 392 340 407 343 4 14 14
181 208 368 320 368 0 300.000037430075 100 230 0.01 0.01
x 312 71 466 74 4 14 Vészleállítás\stöbb\shelyről
w 208 96 352 96 0
x 241 299 283 302 4 14 Lámpa
g 208 368 208 384 0 0
w 608 96 416 96 0
426 352 352 352 256 4 K 0.05 1000000 1
x 333 341 340 344 4 14 2
x 335 277 342 280 4 14 1
v 608 368 608 96 0 0 40 24 0 0 0.5
g 608 368 608 384 0 0
x 631 229 683 232 4 14 24\sV\sDC
x 130 209 189 212 4 14 230\sV\sAC
w 352 96 352 256 0
w 352 352 352 368 0
w 352 368 320 368 0
w 480 352 480 368 0
w 480 368 608 368 0
w 416 192 416 256 0
b 315 260 538 348 0
w 416 352 416 384 0
w 416 384 560 384 0
w 560 384 560 240 0
w 560 240 480 240 0
w 480 240 480 256 0
x 304 402 409 405 4 14 Mágneskapcsoló
423 370 389 383 350 0
x 515 211 532 214 4 14 Be
w 480 224 480 240 0
s 416 192 416 144 2 0 true
x 428 172 489 175 4 14 Ki\s(közeli)
