$ 1 0.0000049999999999999996 35.60246606707791 37 5 43 5e-11
s 608 240 608 192 2 1 true
425 480 352 480 272 0 K 0.2 -0.000023999520009599805 0.02 20 0.015 1e-12 0 0 0
426 416 352 416 256 4 K 0.05 1000000 1
s 608 144 608 96 2 0 true
v 208 368 208 96 0 1 50 325 0 0 0.5
x 557 123 577 126 4 14 Ki2
x 455 287 472 290 4 14 A1
x 453 349 470 352 4 14 A2
x 186 168 193 171 4 14 L
x 183 270 193 273 4 14 N
x 395 287 410 290 4 14 13
x 393 349 408 352 4 14 14
181 208 368 320 368 0 300.00003916601946 100 230 0.01 0.01
x 206 66 360 69 4 14 Párhuzamos\sműködtetés
w 208 96 352 96 0
x 241 299 283 302 4 14 Lámpa
g 208 368 208 384 0 0
w 656 96 608 96 0
426 352 352 352 256 4 K 0.05 1000000 1
x 338 349 345 352 4 14 2
x 338 287 345 290 4 14 1
v 656 368 656 96 0 0 40 24 0 0 0.5
g 656 368 656 384 0 0
x 684 235 736 238 4 14 24\sV\sDC
x 130 209 189 212 4 14 230\sV\sAC
w 352 96 352 256 0
w 352 352 352 368 0
w 352 368 320 368 0
w 480 352 480 368 0
w 480 368 656 368 0
b 322 268 545 356 0
w 416 352 416 384 0
w 416 384 560 384 0
w 560 384 560 256 0
w 560 256 480 256 0
x 288 408 393 411 4 14 Mágneskapcsoló
423 373 396 386 357 0
s 480 240 480 192 2 1 true
s 480 192 480 144 2 0 true
x 491 172 511 175 4 14 Ki1
w 480 144 608 144 0
x 490 221 514 224 4 14 Be1
w 480 192 416 192 0
w 416 192 416 256 0
x 551 222 575 225 4 14 Be2
w 480 192 608 192 0
b 439 76 531 244 0
b 541 76 633 244 0
x 438 65 492 68 4 14 Kezelő\s1
x 577 66 631 69 4 14 Kezelő\s2
w 480 256 480 272 0
w 608 240 608 256 0
w 608 256 560 256 0
w 480 240 480 256 0
